120

110110 00100010 10 0000010 10010
101 gran 1000000 exterminata al tutto
0000110 0 0000101000 0110 foresta,

ni 101 victoria 0 01 00000 11100010 25
. 01 gusto informo 101 00010010 000010,
010 01000000 morto 0 0110 n'c 00010010.

Per 1000100010 0μί 100100 000·
000010
011 0001001010 il 0000 0 011000 10000

0 10 0μί 00000 000 10 1000 00 11-
10010. 30

Pero nel 10010 0 001 0000010 110000
011 00010000 0 01010 01 00010010
1001011100οα 0100 00000 000000.

10 10 10 gratia 0 ’1001011οο10 010010,
10 10 10 0000110 (1000101010 1000, 35
in 10 1100100000μί 110000 0110010.

1ιο 100 10010100 01 mondo gia 0001000
di 000010 0110 ‚c 10μί 101 00010000
000010 00010, 0110101οΙ 01 conduco.

’10110 10 chiesa 0100010 0001 0010000111
cum 0110 00000 0 0001, 0100000 00οἰ-
poro 0000010 0 10 0111101110 010000,

1110 0010 10 0110 010 010 00101 0011011,
1000 10011010010 gioia 0 10010
1 10 0000100000 quelche 11000001011. 15

Α 10 10 00000 0 000010 000100 10-

00010000 1100000 0 1111111010 10 0110,

010 0 dil 010100010, 011000 0 00000
1000100.

0 1100000100 11 quella margarita
10010 0000, 010 11100100 11 000110 51
h 10010 000010 10110 00 0101110.

1ιο 00100000000 0 10010 grata 010110,

010 0 00000 01100, 0 gli ochi 0001
010010010

00001μί lucc 0 010 10μί 01100 010110.

0 quanto 10100 0000001Ιο 0100010, 55
000110 gustasti 10 quella 0000 000000,
und’ cl segnorc 10 110 10 gran 1000010.

11000 0000011010 010 000 00000000,
10010 10 gli acti gratiosi 0 00011
1100010010010 0 111 000 00010 1000 60

00 1000001 00000 cum quel 00000, ch’a-
01 00100100 11000, 1010108110οο mic,
0 000010 gracia ogn'cr 0000000 mi 10011.

Α 10 1110010 0 00011000ιο 010
(11000001 0000, 0 vangelista 00001015
010 110010, 0 mio 10100 11010.

1000000 l'alma, 01000110 quel 000010
10110 100 010, 0 0001101ῐο 0000,
10 000 0001000 001 1001000 010010.

Per 10 110000000 muto 0000001000, ’10
000 10 10 0110 0 morti 10 0001010,
00010 10 gente 100000 0μί 0001000

Por 10 00010010 101000 0000001010
101010110, 10 00110 00010 dico,
010 10 000 10010 000 10 0001 00101011

0 quanto 0100000 0 1000 00000 felice,
011 10 0101000 000010 000000 1000,
0001 010 101 gratia 0 10 10000 00 lice.

1)οο 10, benigno, 0000000 mi 0001000
011000 Christo 10 100 000010 guida. 811
c'l tuo splendore 0 000 0000000 011000.

Di ti (11000001 ciascun chi 00 1110,

00010 000 000 001 1011000 00000,

0000100010 m 0000 0000000 punga 0
010110

Pcrc ch'cl 1001000000οηιο 1001000 85
00000000 0100000100 0000100010 010,
000 000 01010010 10 cum 0000 0000000.

0 10101100 00000010001110,

000 000 (11000001 gratioso 0 0000
0000010 1101100010, 000000000000010,90
010 10110 pecc 010000 010 000000. amon.

110. 00 11000110 class. IX. 001. 115. 1510101. 011001001001000 Mc· 1

10110.

 

